%YAML:1.0

#--------------------------------------------------------------------------------------------
# Camera Parameters. Adjust them!
#--------------------------------------------------------------------------------------------
File.version: "1.0"

Camera.type: "PinHole"

# Camera calibration and distortion parameters (OpenCV)
Camera1.fx: 572.79844695
Camera1.fy: 569.46104269
Camera1.cx: 320.52147393
Camera1.cy: 249.25637209

Camera1.k1: -0.23528377
Camera1.k2: 0.06574741
Camera1.p1: 0.00277133
Camera1.p2: -0.01059937

# Camera resolution
Camera.width: 640
Camera.height: 480

# Camera frames per second
Camera.fps: 20

# Color order of the images (0: BGR, 1: RGB. It is ignored if images are grayscale)
Camera.RGB: 1

# Transformation from camera to body-frame (imu)
IMU.T_b_c1: !!opencv-matrix
  rows: 4
  cols: 4
  dt: f
  # From VINS-Mono
  data: [1.3541311096539888e-02, 0.999908302752944, 0.000137766160856, 2.6870690119900075e-02,
         0.999902134214296, -0.013540742971475, -0.003517139957148, 0.020740935736938,
         -0.003514951988922, 0.000185379364592, -9.9999380535431692e-01, -4.3251750752052849e-02,
         0.0, 0.0, 0.0, 1.0]

# IMU noise
# From imu_utils AND kalibr
IMU.NoiseGyro: 6.128256985013943e-05 # 0.000139955 0.0019792625912192652
IMU.NoiseAcc: 0.001459514022762133 # 0.003064876 0.04334389206191802
IMU.GyroWalk: 0.00026917600313040526 # 1.0866894432315462e-05
IMU.AccWalk: 0.004747373755651388 # 0.0006226271873858887
IMU.Frequency: 200.0

#LEFT.height: 480
#LEFT.width: 848
#LEFT.D: !!opencv-matrix
#  rows: 1
#  cols: 5
#  dt: d
#  data: [ -0.82115952, 0.62966479, -0.01245393, -0.01056127, 0.0 ]
#LEFT.K: !!opencv-matrix
#  rows: 3
#  cols: 3
#  dt: d
#  data: [ 1173.45518992, 0.0, 422.41303374, 0.0, 1169.34114537, 259.05289551, 0.0, 0.0, 1.0 ]
#LEFT.R: !!opencv-matrix
#  rows: 3
#  cols: 3
#  dt: d
#  data: [ 1.0, 0.0, 0.0, 0.0, 1.0, 0.0, 0.0, 0.0, 1.0 ]
#LEFT.P: !!opencv-matrix
#  rows: 3
#  cols: 4
#  dt: d
#  data: [ 1173.45518992, 0.0, 422.41303374, 0.0, 0.0, 1169.34114537, 259.05289551, 0.0, 0.0, 0.0, 1.0, 0.0 ]

#--------------------------------------------------------------------------------------------
# ORB Parameters
#--------------------------------------------------------------------------------------------

# Whether to use ORB or GCNv2 extractor
ORBextractor.useORB: 1

# ORB Extractor: Number of features per image
ORBextractor.nFeatures: 2000 #2000 # 1000

# ORB Extractor: Scale factor between levels in the scale pyramid 	
ORBextractor.scaleFactor: 1.2

# ORB Extractor: Number of levels in the scale pyramid	
ORBextractor.nLevels: 8

# ORB Extractor: Fast threshold
# Image is divided in a grid. At each cell FAST are extracted imposing a minimum response.
# Firstly we impose iniThFAST. If no corners are detected we impose a lower value minThFAST
# You can lower these values if your images have low contrast			
ORBextractor.iniThFAST: 20
ORBextractor.minThFAST: 7

#--------------------------------------------------------------------------------------------
# Viewer Parameters
#--------------------------------------------------------------------------------------------
Viewer.KeyFrameSize: 0.05
Viewer.KeyFrameLineWidth: 1.0
Viewer.GraphLineWidth: 0.9
Viewer.PointSize: 2.0
Viewer.CameraSize: 0.08
Viewer.CameraLineWidth: 3.0
Viewer.ViewpointX: 0.0
Viewer.ViewpointY: -0.7
Viewer.ViewpointZ: -3.5 # -1.8
Viewer.ViewpointF: 500.0

