%YAML:1.0

#--------------------------------------------------------------------------------------------
# Camera Parameters. Adjust them!
#--------------------------------------------------------------------------------------------
File.version: "1.0"

Camera.type: "PinHole"

# Left Camera calibration and distortion parameters (OpenCV)
Camera1.fx: 415.997003353
Camera1.fy: 419.78274181
Camera1.cx: 419.801752071
Camera1.cy: 240.138789865

# Kannala-Brandt distortion parameters
Camera1.k1: -0.010276485044648563
Camera1.k2: -0.0023461966013934177
Camera1.p1: -0.00037675330818978534
Camera1.p2:  0.0007131055606729472

# Right Camera calibration and distortion parameters (OpenCV)
Camera2.fx: 415.997003353
Camera2.fy: 419.78274181
Camera2.cx: 419.801752071
Camera2.cy: 240.138789865

# Kannala-Brandt distortion parameters
Camera2.k1: -0.007064839089999435
Camera2.k2: -0.00641901954755405
Camera2.p1: 8.121211036721929e-05
Camera2.p2: -0.0001295987155182195



# Transformation matrix from right camera to left camera
Stereo.T_c1_c2: !!opencv-matrix
    rows: 4
    cols: 4
    dt: f
#    data: [ 0.999983,   0.00445005, 0.00385861,  -0.0950909480452538,
#        -0.00443664, 0.999984,  -0.00347621, -0.000252007856033742,
#        -0.00387402, 0.00345903, 0.999986,   -8.87895439518616e-05,
#        0.0, 0.0, 0.0, 1.0]
    data: [0.99999938 , -0.00012048 , 0.00110713 , 0.09490953,
          0.00011912 , 0.99999924 , 0.00123205 , 0.00015686, 
         -0.00110728 , -0.00123192 , 0.99999863 , -0.00030338,
          0.0 , 0.0 , 0.0, 1.0]


# Camera resolution
Camera.width: 848
Camera.height: 480

# Camera frames per second
Camera.fps: 30

# Color order of the images (0: BGR, 1: RGB. It is ignored if images are grayscale)
Camera.RGB: 1

# Close/Far threshold. Baseline times.
Stereo.ThDepth: 40.0

#--------------------------------------------------------------------------------------------
# IMU Parameters
#--------------------------------------------------------------------------------------------

# Transformation from body-frame (imu) to left camera
IMU.T_b_c1: !!opencv-matrix
    rows: 4
    cols: 4
    dt: f
    # data: [1.0,   0.0,   0.0,  0.0302200000733137,
    #    0.0,   1.0,   0.0, -0.00740000000223517,
    #    0.0,   0.0,   1.0, -0.0160199999809265,
    #    0.0, 0.0, 0.0, 1.0]

    data: [ 0.01244259 ,-0.99992046 , 0.00206342 , 0.12416824,
           0.08565166, -0.00099019, -0.99632465 , 0.02123107,
            0.99624745 , 0.01257359  ,0.08563252 ,-0.4356686, 
             0.0,          0.0   ,      0.0         , 1.0       ]

# Do not insert KFs when recently lost
#IMU.InsertKFsWhenLost: 0

# IMU noise
IMU.NoiseGyro: 0.013213877349668923 # 0.000005148030141 # rad/s^0.5
IMU.NoiseAcc: 0.04641977329563476 # 0.000066952452471 # m/s^1.5
IMU.GyroWalk: 2.206282069791498e-05 # rad/s^1.5
IMU.AccWalk: 0.0019703618139556927 # m/s^2.5
IMU.Frequency: 400.0

#--------------------------------------------------------------------------------------------
# ORB Parameters
#--------------------------------------------------------------------------------------------

# ORB Extractor: Number of features per image
ORBextractor.nFeatures: 1000 # Tested with 1250

# ORB Extractor: Scale factor between levels in the scale pyramid
ORBextractor.scaleFactor: 1.2

# ORB Extractor: Number of levels in the scale pyramid
ORBextractor.nLevels: 8

# ORB Extractor: Fast threshold
# Image is divided in a grid. At each cell FAST are extracted imposing a minimum response.
# Firstly we impose iniThFAST. If no corners are detected we impose a lower value minThFAST
# You can lower these values if your images have low contrast
ORBextractor.iniThFAST: 15
ORBextractor.minThFAST: 7

#--------------------------------------------------------------------------------------------
# Viewer Parameters
#--------------------------------------------------------------------------------------------
Viewer.KeyFrameSize: 0.05
Viewer.KeyFrameLineWidth: 1.0
Viewer.GraphLineWidth: 0.9
Viewer.PointSize: 2.0
Viewer.CameraSize: 0.08
Viewer.CameraLineWidth: 3.0
Viewer.ViewpointX: 0.0
Viewer.ViewpointY: -0.7
Viewer.ViewpointZ: -3.5
Viewer.ViewpointF: 500.0
Viewer.imageViewScale: 2.0
