%YAML:1.0
File.version: "1.0"
#--------------------------------------------------------------------------------------------
# Camera Parameters. Adjust them!
#--------------------------------------------------------------------------------------------
Camera.type: "PinHole"

Camera1.fx: 8.1690378992770002e+02
Camera1.fy: 8.1156803828490001e+02
Camera1.cx: 6.0850726281690004e+02
Camera1.cy: 2.6347599764440002e+02

# k1, k2, k3, p1, p2.
Camera1.k1: -5.6143027800000002e-02
Camera1.k2: 1.3952563200000001e-01
Camera1.p1: -1.2155906999999999e-03
Camera1.p2: -9.7281389999999998e-04

Camera2.fx: 8.1378205539589999e+02
Camera2.fy: 8.0852165574269998e+02
Camera2.cx: 6.1386419539320002e+02
Camera2.cy: 2.4941049348650000e+02

Camera2.k1: -5.4921981799999998e-02
Camera2.k2: 1.4243657430000001e-01
Camera2.p1: 7.5412299999999996e-05
Camera2.p2: -6.7560530000000001e-04

Camera.width: 1280
Camera.height: 560

# Camera frames per second 
Camera.fps: 10

# stereo baseline times fx
#Camera.bf: 62.919593811035156

# Color order of the images (0: BGR, 1: RGB. It is ignored if images are grayscale)
Camera.RGB: 1

# Close/Far threshold. Baseline times.
Stereo.ThDepth: 60.0 # 35

Stereo.T_c1_c2: !!opencv-matrix
  rows: 4
  cols: 4
  dt: f
  data: [1.000000000000000, 0.000000000000000, 0.000000000000000, 0.475000000000000,
         0.000000000000000, 1.000000000000000, 0.000000000000000, 0.000000000000000,
         0.000000000000000, 0.000000000000000, 1.000000000000000, 0.000000000000000,
         0.000000000000000, 0.000000000000000, 0.000000000000000, 1.000000000000000]

IMU.T_b_c1: !!opencv-matrix
  rows: 4
  cols: 4
  dt: f
  data: [-6.80499e-03, -1.53215e-02, 9.99850e-01, 1.71239e+00,
         -9.99977e-01, 3.34627e-04, -6.80066e-03, 2.47401e-01,
         -2.30383e-04, -9.99883e-01, -1.53234e-02, -1.15890e-01,
         0.0, 0.0, 0.0, 1.0]

IMU.NoiseGyro: 1e-3 # 0.000174533 (divided by sqrt(Hz))
IMU.NoiseAcc: 1e-2 # 0.0005886 (divided by sqrt(Hz)) TODO: 6e-2 ???
IMU.GyroWalk: 1e-4 # 0.00048481 (multiplied by sqrt(Hz))
IMU.AccWalk: 1e-3 # 0.0014715 (multiplied by sqrt(Hz))
IMU.Frequency: 200.0
#System.thFarPoints: 20.0  # In TUM outdoors, we ignore points too far away

#--------------------------------------------------------------------------------------------
# ORB Parameters
#--------------------------------------------------------------------------------------------

# ORB Extractor: Number of features per image
ORBextractor.nFeatures: 2000

# ORB Extractor: Scale factor between levels in the scale pyramid 	
ORBextractor.scaleFactor: 1.2

# ORB Extractor: Number of levels in the scale pyramid	
ORBextractor.nLevels: 8

# ORB Extractor: Fast threshold
# Image is divided in a grid. At each cell FAST are extracted imposing a minimum response.
# Firstly we impose iniThFAST. If no corners are detected we impose a lower value minThFAST
# You can lower these values if your images have low contrast			
ORBextractor.iniThFAST: 20
ORBextractor.minThFAST: 7

loopClosing: 0

#--------------------------------------------------------------------------------------------
# Viewer Parameters
#--------------------------------------------------------------------------------------------
Viewer.KeyFrameSize: 0.05
Viewer.KeyFrameLineWidth: 1.0
Viewer.GraphLineWidth: 0.9
Viewer.PointSize: 2.0
Viewer.CameraSize: 0.08
Viewer.CameraLineWidth: 3.0
Viewer.ViewpointX: 0.0
Viewer.ViewpointY: -0.7
Viewer.ViewpointZ: -3.5
Viewer.ViewpointF: 500.0


